1 0.00267625 0.00506911 1
0.923337 0.527209 0.753539 0.00170328
0.630818 0.902617 0.753539 0.00340656
0.173506 0.770844 0.753539 0.00170328
0.14152 0.273182 0.753539 0.00170328
0 0 0 0
0 0 0 0
0 0 0 0
0 0 0 0
0 0 0 0
0 0 0 0
0 0 0 0
0.758097 0.511282 0.917609 0.0066559
0.833055 0.741978 0.767693 0.0066559
0.579794 0.745579 0.917804 0.0095946
0.372784 0.891529 0.767693 0.0066559
0.297827 0.660832 0.917609 0.0066559
0.086377 0.488276 0.764143 0.00518656
0.278962 0.348354 0.911265 0.00518656
0.371107 0.103309 0.757785 0.00371721
0.57966 0.254831 0.917106 0.00371721
0.837446 0.254831 0.757785 0.00371721
0.788213 0.103309 0.5 0.00371721
0.966338 0.348478 0.5 0.00371721
0.917106 0.5 0.242215 0.00371721
0.966338 0.651522 0.5 0.00371721
0.788213 0.896691 0.5 0.00371721
0.628893 0.896691 0.242215 0.00371721
0.5 0.990337 0.5 0.00371721
0.211787 0.896691 0.5 0.00371721
0.162554 0.745169 0.242215 0.00371721
0.0336617 0.651522 0.5 0.00371721
0.0336617 0.348478 0.5 0.00371721
0.162554 0.254831 0.242215 0.00371721
0.211787 0.103309 0.5 0.00371721
0.5 0.00966294 0.5 0.00371721
0.628893 0.103309 0.242215 0.00371721
0.708553 0.348478 0.0828944 0.00371721
0.708553 0.651522 0.0828944 0.00371721
0.42034 0.745169 0.0828944 0.00371721
0.42034 0.254831 0.0828944 0.00371721
0.242215 0.5 0.0828944 0.00371721
0.631217 0.513091 0.973694 0.00605618
0.899983 0.62075 0.759246 0.00605618
0.612493 0.846218 0.830397 0.00910735
0.508762 0.91772 0.759246 0.00605618
0.212401 0.725134 0.829207 0.00605618
0.0998486 0.641808 0.747307 0.00300502
0.197012 0.296048 0.829207 0.00605618
0.241479 0.163254 0.747307 0.00300502
0.613699 0.150072 0.825599 0.00300502
0.740377 0.150072 0.747307 0.00300502
0.716183 0.0756123 0.620629 0.00300502
0.924345 0.283733 0.379371 0.00300502
0.900151 0.358192 0.252693 0.00300502
0.924345 0.716267 0.379371 0.00300502
0.836812 0.836746 0.379371 0.00300502
0.758521 0.836746 0.252693 0.00300502
0.425447 0.970406 0.379371 0.00300502
0.283817 0.924388 0.379371 0.00300502
0.259623 0.849928 0.252693 0.00300502
0.029579 0.57446 0.379371 0.00300502
0.029579 0.42554 0.379371 0.00300502
0.0929181 0.379522 0.252693 0.00300502
0.283817 0.0756123 0.379371 0.00300502
0.425447 0.0295938 0.379371 0.00300502
0.488786 0.0756123 0.252693 0.00300502
0.797667 0.283733 0.174401 0.00300502
0.602485 0.57446 0.0252957 0.00300502
0.460854 0.620478 0.0252957 0.00300502
0.386301 0.150072 0.174401 0.00300502
0.373322 0.5 0.0252957 0.00300502
0.865003 0.513091 0.829207 0.00605618
0.738441 0.843093 0.759246 0.00605618
0.541011 0.626219 0.973361 0.00910735
0.247382 0.832793 0.759246 0.00605618
0.40306 0.577801 0.975713 0.00745656
0.105432 0.362584 0.759246 0.00605618
0.401371 0.438112 0.9778 0.0044054
0.511214 0.0756123 0.747307 0.00300502
0.539146 0.379522 0.974704 0.00300502
0.907082 0.379522 0.747307 0.00300502
0.836812 0.163254 0.379371 0.00300502
0.970421 0.42554 0.620629 0.00300502
0.900151 0.641808 0.252693 0.00300502
0.970421 0.57446 0.620629 0.00300502
0.716183 0.924388 0.620629 0.00300502
0.488786 0.924388 0.252693 0.00300502
0.574553 0.970406 0.620629 0.00300502
0.163188 0.836746 0.620629 0.00300502
0.0929181 0.620478 0.252693 0.00300502
0.0756552 0.716267 0.620629 0.00300502
0.0756552 0.283733 0.620629 0.00300502
0.259623 0.150072 0.252693 0.00300502
0.163188 0.163254 0.620629 0.00300502
0.574553 0.0295938 0.620629 0.00300502
0.758521 0.163254 0.252693 0.00300502
0.602485 0.42554 0.0252957 0.00300502
0.797667 0.716267 0.174401 0.00300502
0.386301 0.849928 0.174401 0.00300502
0.460854 0.379522 0.0252957 0.00300502
0.132064 0.5 0.174401 0.00300502
0.720931 0.753479 0.857474 0.0100793
0.681392 0.631789 0.936553 0.0100793
0.809344 0.631789 0.857474 0.0100793
0.327199 0.788447 0.857474 0.0100793
0.430715 0.713239 0.936553 0.0100793
0.470254 0.834929 0.857474 0.0100793
0.172272 0.424791 0.857474 0.0100793
0.26636 0.5 0.93148 0.00720935
0.175445 0.566054 0.862027 0.00720935
0.462528 0.170918 0.862027 0.00720935
0.427801 0.277795 0.93148 0.00720935
0.336886 0.211742 0.862027 0.00720935
0.801396 0.36267 0.862027 0.00720935
0.689018 0.36267 0.93148 0.00720935
0.723745 0.255793 0.862027 0.00720935
0.896754 0.211742 0.51601 0.00720935
0.918216 0.277795 0.628387 0.00720935
0.840565 0.170918 0.628387 0.00720935
0.968952 0.566054 0.371613 0.00720935
0.990414 0.5 0.48399 0.00720935
0.968952 0.433946 0.371613 0.00720935
0.840565 0.829082 0.628387 0.00720935
0.918216 0.722205 0.628387 0.00720935
0.896754 0.788258 0.51601 0.00720935
0.582093 0.966412 0.371613 0.00720935
0.651546 0.966412 0.48399 0.00720935
0.707735 0.925588 0.371613 0.00720935
0.292265 0.925588 0.628387 0.00720935
0.417907 0.966412 0.628387 0.00720935
0.348454 0.966412 0.51601 0.00720935
0.0817842 0.722205 0.371613 0.00720935
0.103246 0.788258 0.48399 0.00720935
0.159435 0.829082 0.371613 0.00720935
0.0310477 0.433946 0.628387 0.00720935
0.0310477 0.566054 0.628387 0.00720935
0.00958557 0.5 0.51601 0.00720935
0.159435 0.170918 0.371613 0.00720935
0.103246 0.211742 0.48399 0.00720935
0.0817842 0.277795 0.371613 0.00720935
0.417907 0.0335882 0.628387 0.00720935
0.292265 0.0744117 0.628387 0.00720935
0.348454 0.0335882 0.51601 0.00720935
0.707735 0.0744117 0.371613 0.00720935
0.651546 0.0335882 0.48399 0.00720935
0.582093 0.0335882 0.371613 0.00720935
0.73364 0.5 0.0685199 0.00720935
0.824555 0.566054 0.137973 0.00720935
0.824555 0.433946 0.137973 0.00720935
0.537472 0.829082 0.137973 0.00720935
0.663114 0.788258 0.137973 0.00720935
0.572199 0.722205 0.0685199 0.00720935
0.572199 0.277795 0.0685199 0.00720935
0.663114 0.211742 0.137973 0.00720935
0.537472 0.170918 0.137973 0.00720935
0.198604 0.63733 0.137973 0.00720935
0.276255 0.744207 0.137973 0.00720935
0.310982 0.63733 0.0685199 0.00720935
0.276255 0.255793 0.137973 0.00720935
0.198604 0.36267 0.137973 0.00720935
0.310982 0.36267 0.0685199 0.00720935
