point 0 :  0  42  76  78  74  80  103  115  109  112  106  12  16  18  14  20  104  114  116  102 
point 1 :  1  72  81  43  83  85  104  114  118  124  121  12  13  21  25  23  103  115  116  102 
point 2 :  2  86  73  88  45  44  123  127  130  107  102  26  13  28  15  14  125  124  128  126 
point 3 :  3  89  75  46  47  91  129  105  110  133  136  29  15  16  17  31  131  130  107  106 
point 4 :  4  94  49  48  77  92  142  113  108  139  135  34  19  18  17  32  143  141  111  112 
point 5 :  5  52  51  95  79  50  119  145  141  111  116  22  21  35  19  20  117  118  144  146 
point 6 :  6  56  57  98  84  55  128  151  148  125  120  26  27  38  24  25  127  126  150  152 
point 7 :  7  82  96  67  54  53  144  154  149  117  122  22  36  37  24  23  145  146  155  153 
point 8 :  8  59  60  58  87  99  134  131  126  150  157  29  30  28  27  39  133  132  129  130 
point 9 :  9  101  63  90  62  61  156  160  140  132  137  41  30  33  31  32  158  161  159  157 
point 10 :  10  64  93  65  66  70  138  143  146  155  159  34  33  35  36  40  139  140  142  141 
point 11 :  11  71  68  97  69  100  158  161  147  153  152  41  38  37  39  40  156  160  159  157 
point 12 :  12  42  72  103  115  104  114  74  80  81  43  1  0  116  102  14  20  13  21  76 
point 13 :  13  43  73  102  124  104  123  44  85  72  86  103  1  2  125  14  25  12  26  45 
point 14 :  14  44  74  102  103  106  107  73  42  76  45  104  105  2  0  13  12  16  15  86 
point 15 :  15  45  75  130  129  107  105  88  89  44  46  131  2  3  106  28  29  14  16  73 
point 16 :  16  46  76  106  105  110  109  74  47  75  78  107  3  0  108  14  15  17  18  42 
point 17 :  17  47  77  110  108  136  135  46  48  91  92  109  3  4  137  16  18  31  32  89 
point 18 :  18  48  78  112  113  108  109  80  77  49  76  111  4  0  110  20  19  17  16  42 
point 19 :  19  49  79  141  142  111  113  95  94  50  48  143  5  4  112  35  34  20  18  51 
point 20 :  20  80  50  116  115  112  111  51  42  78  79  114  113  5  0  21  12  18  19  52 
point 21 :  21  81  51  116  118  114  119  50  83  72  52  115  1  5  117  20  23  12  22  79 
point 22 :  22  52  82  144  117  145  119  53  96  95  51  7  5  146  118  36  23  35  21  79 
point 23 :  23  53  83  118  117  121  122  81  82  85  54  119  120  7  1  21  22  25  24  72 
point 24 :  24  84  54  148  149  120  122  98  67  55  53  147  6  7  121  38  37  25  23  56 
point 25 :  25  55  85  124  125  121  120  43  56  83  84  123  122  6  1  13  26  23  24  72 
point 26 :  26  86  56  128  125  127  123  55  57  88  73  6  2  126  124  27  25  28  13  45 
point 27 :  27  57  87  126  128  150  151  58  56  99  98  127  6  8  152  28  26  39  38  60 
point 28 :  28  58  88  130  126  131  127  87  45  59  86  129  128  8  2  15  27  29  26  99 
point 29 :  29  59  89  129  133  131  134  91  75  58  60  3  8  130  132  15  31  28  30  87 
point 30 :  30  60  90  157  132  156  134  99  61  101  59  158  8  9  133  39  31  41  29  87 
point 31 :  31  61  91  132  133  137  136  90  89  62  47  134  135  9  3  30  29  32  17  101 
point 32 :  32  62  92  140  139  137  135  63  94  61  77  138  136  9  4  33  34  31  17  101 
point 33 :  33  93  63  159  140  160  138  70  62  101  64  161  10  9  139  40  32  41  34  66 
point 34 :  34  64  94  142  139  143  138  92  49  65  93  4  10  141  140  19  32  35  33  66 
point 35 :  35  65  95  141  146  143  145  66  79  64  52  142  144  10  5  19  36  34  22  50 
point 36 :  36  96  66  146  144  155  154  65  82  70  67  145  7  10  153  35  22  40  37  93 
point 37 :  37  67  97  153  154  149  147  100  54  96  68  155  7  11  148  40  36  24  38  71 
point 38 :  38  98  68  152  151  148  147  69  84  57  97  150  6  11  149  39  27  24  37  71 
point 39 :  39  99  69  157  158  152  150  60  71  68  87  156  151  11  8  30  41  38  27  59 
point 40 :  40  70  100  159  161  153  155  93  71  97  66  160  154  11  10  33  41  37  36  64 
point 41 :  41  101  71  158  161  156  160  69  100  63  90  9  11  159  157  39  40  30  33  68 
point 42 :  42  12  0  103  115  74  80  104  114  76  78  14  20  72  112  106  116  102  109  81 
point 43 :  43  13  1  104  124  85  72  102  123  81  83  12  25  73  114  121  103  125  118  42 
point 44 :  44  2  14  102  107  73  45  106  103  86  88  13  15  74  123  130  104  105  127  43 
point 45 :  45  2  15  130  107  88  44  129  105  73  86  28  14  75  127  102  131  106  123  58 
point 46 :  46  16  3  105  110  75  47  106  109  89  91  15  17  76  129  136  107  108  133  45 
point 47 :  47  17  3  110  136  46  91  108  135  89  75  16  31  77  105  133  109  137  129  76 
point 48 :  48  18  4  113  108  49  77  112  109  94  92  19  17  78  142  135  111  110  139  79 
point 49 :  49  4  19  142  113  94  48  141  111  77  92  34  18  79  108  139  143  112  135  64 
point 50 :  50  5  20  116  111  51  79  112  115  52  95  21  19  80  119  141  114  113  145  81 
point 51 :  51  5  21  119  116  50  52  118  114  79  95  20  22  81  111  145  117  115  141  83 
point 52 :  52  22  5  119  145  95  51  117  144  79  50  35  21  82  141  116  118  146  111  53 
point 53 :  53  23  7  117  122  82  54  118  121  96  67  22  24  83  144  149  119  120  154  52 
point 54 :  54  7  24  149  122  67  53  148  120  82  96  37  23  84  154  117  147  121  144  97 
point 55 :  55  25  6  125  120  56  84  124  121  57  98  26  24  85  128  148  123  122  151  86 
point 56 :  56  6  26  128  125  57  55  127  123  98  84  27  25  86  151  120  126  124  148  88 
point 57 :  57  6  27  128  151  56  98  126  150  84  55  26  38  87  148  125  127  152  120  86 
point 58 :  58  28  8  131  126  87  59  130  127  99  60  29  27  88  134  150  129  128  157  45 
point 59 :  59  8  29  134  131  58  60  133  129  87  99  28  30  89  126  157  132  130  150  91 
point 60 :  60  30  8  134  157  99  59  132  156  87  58  39  29  90  150  131  133  158  126  61 
point 61 :  61  31  9  132  137  90  62  133  136  101  63  30  32  91  156  140  134  135  160  60 
point 62 :  62  32  9  140  137  63  61  139  135  101  90  33  31  92  160  132  138  136  156  93 
point 63 :  63  9  33  160  140  62  101  159  138  90  61  41  32  93  156  137  161  139  132  71 
point 64 :  64  10  34  138  143  65  93  139  142  66  70  35  33  94  146  159  140  141  155  92 
point 65 :  65  35  10  143  146  66  64  141  145  70  93  34  36  95  138  155  142  144  159  79 
point 66 :  66  10  36  146  155  65  70  144  154  93  64  35  40  96  143  159  145  153  138  95 
point 67 :  67  37  7  154  149  96  54  153  147  82  53  36  24  97  144  122  155  148  117  66 
point 68 :  68  11  38  152  147  69  97  148  151  71  100  39  37  98  158  153  150  149  161  99 
point 69 :  69  11  39  158  152  71  68  157  150  100  97  41  38  99  161  147  156  151  153  101 
point 70 :  70  40  10  159  155  93  66  153  161  64  65  33  36  100  138  146  160  154  143  63 
point 71 :  71  11  41  158  161  69  100  156  160  68  97  39  40  101  153  152  159  157  147  90 
point 72 :  72  1  12  104  114  81  43  103  115  85  83  13  21  42  118  124  116  102  121  74 
point 73 :  73  13  2  123  102  44  86  124  104  45  88  14  26  43  107  127  125  103  130  85 
point 74 :  74  0  14  103  106  42  76  102  107  80  78  12  16  44  115  109  104  105  112  72 
point 75 :  75  3  15  129  105  89  46  130  107  47  91  29  16  45  110  133  131  106  136  59 
point 76 :  76  0  16  106  109  74  78  110  105  42  80  14  18  46  103  112  107  108  115  44 
point 77 :  77  4  17  108  135  48  92  110  136  94  49  18  32  47  113  139  109  137  142  78 
point 78 :  78  0  18  112  109  80  76  108  113  42  74  20  16  48  115  106  111  110  103  50 
point 79 :  79  5  19  141  111  95  50  142  113  51  52  35  20  49  145  116  143  112  119  65 
point 80 :  80  20  0  115  112  42  78  116  111  74  76  12  18  50  103  109  114  113  106  72 
point 81 :  81  1  21  114  118  83  72  116  119  43  85  12  23  51  104  121  115  117  124  42 
point 82 :  82  7  22  144  117  96  53  145  119  67  54  36  23  52  154  122  146  118  149  95 
point 83 :  83  1  23  118  121  81  85  117  122  72  43  21  25  53  114  124  119  120  104  51 
point 84 :  84  24  6  148  120  98  55  149  122  56  57  38  25  54  151  125  147  121  128  68 
point 85 :  85  25  1  124  121  43  83  125  120  72  81  13  23  55  104  118  123  122  114  73 
point 86 :  86  26  2  123  127  88  73  125  128  45  44  28  13  56  130  102  124  126  107  55 
point 87 :  87  8  27  126  150  58  99  128  151  60  59  28  39  57  131  157  127  152  134  88 
point 88 :  88  2  28  127  130  45  86  126  131  44  73  26  15  58  123  107  128  129  102  87 
point 89 :  89  3  29  129  133  75  91  131  134  46  47  15  31  59  105  136  130  132  110  58 
point 90 :  90  30  9  156  132  61  101  157  134  63  62  41  31  60  160  137  158  133  140  71 
point 91 :  91  3  31  133  136  89  47  132  137  75  46  29  17  61  129  110  134  135  105  59 
point 92 :  92  4  32  139  135  94  77  140  137  49  48  34  17  62  142  108  138  136  113  64 
point 93 :  93  10  33  138  159  70  64  140  160  66  65  40  34  63  155  143  139  161  146  62 
point 94 :  94  4  34  142  139  49  92  143  138  48  77  19  32  64  113  135  141  140  108  65 
point 95 :  95  5  35  145  141  79  52  146  143  50  51  22  19  65  119  111  144  142  116  66 
point 96 :  96  36  7  144  154  82  67  146  155  54  53  22  37  66  149  117  145  153  122  52 
point 97 :  97  37  11  153  147  100  68  149  154  71  69  40  38  67  161  152  155  148  158  70 
point 98 :  98  38  6  151  148  57  84  152  147  56  55  27  24  68  128  120  150  149  125  87 
point 99 :  99  39  8  157  150  60  87  152  158  59  58  30  27  69  134  126  156  151  131  90 
point 100 :  100  40  11  161  153  71  97  159  155  69  68  41  37  70  158  147  160  154  152  101 
point 101 :  101  9  41  156  160  63  90  158  161  61  62  30  33  71  140  132  159  157  137  69 
point 102 :  102  44  73  14  13  104  103  2  43  74  107  123  12  45  86  72  42  124  106  88 
point 103 :  103  74  42  14  12  104  102  0  72  44  106  115  13  76  80  43  73  114  107  78 
point 104 :  104  43  72  12  13  103  102  1  42  73  124  114  14  85  81  74  44  115  123  83 
point 105 :  105  46  75  16  15  107  106  3  45  76  129  110  14  89  47  44  74  130  109  91 
point 106 :  106  74  76  14  16  105  107  0  46  44  103  109  15  42  78  75  45  102  110  80 
point 107 :  107  44  45  14  15  105  106  2  75  74  102  130  16  73  88  46  76  103  129  86 
point 108 :  108  77  48  18  17  109  110  4  78  47  113  135  16  49  92  76  46  112  136  94 
point 109 :  109  76  78  16  18  110  108  0  46  48  112  106  17  74  80  47  77  105  113  42 
point 110 :  110  47  46  16  17  109  108  3  76  77  105  136  18  75  91  78  48  106  135  89 
point 111 :  111  50  79  19  20  113  112  5  49  80  116  141  18  51  95  48  78  115  142  52 
point 112 :  112  80  78  20  18  113  111  0  48  50  115  109  19  42  76  49  79  116  108  74 
point 113 :  113  48  49  18  19  111  112  4  79  78  142  108  20  94  77  50  80  141  109  92 
point 114 :  114  81  72  12  21  115  116  1  42  51  118  104  20  83  43  80  50  103  119  85 
point 115 :  115  80  42  20  12  114  116  0  72  50  112  103  21  78  74  81  51  104  111  76 
point 116 :  116  50  51  20  21  114  115  5  81  80  111  119  12  79  52  72  42  118  112  95 
point 117 :  117  53  82  22  23  119  118  7  52  83  122  144  21  96  54  51  81  145  121  67 
point 118 :  118  83  81  23  21  119  117  1  51  53  114  121  22  72  85  52  82  116  122  43 
point 119 :  119  51  52  22  21  117  118  5  82  81  116  145  23  50  95  53  83  144  114  79 
point 120 :  120  55  84  24  25  122  121  6  54  85  125  148  23  56  98  53  83  124  149  57 
point 121 :  121  83  85  25  23  120  122  1  55  53  118  124  24  81  43  84  54  125  117  72 
point 122 :  122  53  54  23  24  120  121  7  84  83  117  149  25  82  67  55  85  118  148  96 
point 123 :  123  73  86  26  13  125  124  2  56  43  102  127  25  44  88  55  85  128  104  45 
point 124 :  124  85  43  25  13  123  125  1  73  55  104  121  26  72  83  86  56  102  120  81 
point 125 :  125  55  56  26  25  123  124  6  86  85  120  128  13  57  84  73  43  127  121  98 
point 126 :  126  87  58  27  28  127  128  8  88  57  131  150  26  59  99  86  56  130  151  60 
point 127 :  127  88  86  26  28  128  126  2  56  58  130  123  27  45  73  57  87  125  131  44 
point 128 :  128  57  56  26  27  127  126  6  86  87  151  125  28  98  55  88  58  150  123  84 
point 129 :  129  75  89  29  15  131  130  3  59  45  105  133  28  46  91  58  88  107  134  47 
point 130 :  130  45  88  15  28  131  129  2  58  75  127  107  29  86  44  59  89  126  105  73 
point 131 :  131  58  59  29  28  129  130  8  89  88  126  134  15  87  60  75  45  133  127  99 
point 132 :  132  61  90  31  30  134  133  9  60  91  156  137  29  101  62  59  89  157  136  63 
point 133 :  133  91  89  29  31  134  132  3  59  61  136  129  30  75  47  60  90  131  137  46 
point 134 :  134  60  59  30  29  133  132  8  89  90  157  131  31  99  58  91  61  129  156  87 
point 135 :  135  92  77  17  32  136  137  4  47  62  139  108  31  94  48  91  61  140  110  49 
point 136 :  136  91  47  17  31  135  137  3  77  61  133  110  32  89  46  92  62  132  108  75 
point 137 :  137  62  61  31  32  136  135  9  91  92  140  132  17  63  90  47  77  133  139  101 
point 138 :  138  93  64  34  33  139  140  10  94  63  159  143  32  70  65  92  62  142  160  66 
point 139 :  139  92  94  34  32  138  140  4  64  62  135  142  33  49  77  93  63  143  137  48 
point 140 :  140  62  63  32  33  138  139  9  93  92  160  137  34  101  61  64  94  159  135  90 
point 141 :  141  79  95  19  35  143  142  5  65  49  145  111  34  52  50  64  94  146  113  51 
point 142 :  142  49  94  34  19  143  141  4  64  79  113  139  35  48  92  65  95  111  138  77 
point 143 :  143  65  64  35  34  142  141  10  94  95  146  138  19  66  93  49  79  139  145  70 
point 144 :  144  96  82  22  36  145  146  7  52  66  154  117  35  67  53  95  65  155  119  54 
point 145 :  145  95  52  35  22  144  146  5  82  65  141  119  36  79  51  96  66  117  143  50 
point 146 :  146  66  65  36  35  145  144  10  95  96  143  155  22  64  70  52  82  141  154  93 
point 147 :  147  68  97  38  37  148  149  11  98  67  153  152  24  69  100  84  54  151  154  71 
point 148 :  148  84  98  38  24  147  149  6  68  54  151  120  37  57  55  97  67  152  122  56 
point 149 :  149  54  67  37  24  147  148  7  97  84  154  122  38  96  53  68  98  153  120  82 
point 150 :  150  99  87  27  39  151  152  8  57  69  157  126  38  60  58  98  68  158  128  59 
point 151 :  151  98  57  38  27  150  152  6  87  68  128  148  39  56  84  99  69  126  147  55 
point 152 :  152  69  68  38  39  151  150  11  98  99  158  147  27  71  97  57  87  157  148  100 
point 153 :  153  100  97  37  40  154  155  11  67  70  161  147  36  71  68  96  66  159  149  69 
point 154 :  154  67  96  37  36  155  153  7  66  97  144  149  40  82  54  70  100  146  147  53 
point 155 :  155  70  66  36  40  154  153  10  96  100  159  146  37  93  65  67  97  161  144  64 
point 156 :  156  90  101  41  30  158  157  9  71  60  132  160  39  61  63  69  99  161  134  62 
point 157 :  157  99  60  39  30  156  158  8  90  69  150  134  41  87  59  101  71  132  152  58 
point 158 :  158  69  71  39  41  156  157  11  101  99  152  161  30  68  100  90  60  160  150  97 
point 159 :  159  70  93  40  33  160  161  10  63  100  155  138  41  66  64  101  71  140  153  65 
point 160 :  160  63  101  41  33  161  159  9  71  93  140  156  40  62  90  100  70  158  138  61 
point 161 :  161  100  71  40  41  160  159  11  101  70  153  158  33  97  69  63  93  156  155  68 
knn1 time : 166.000000ms
CUDA blocks/threads: 1 512
knn1 time : 178.000000ms
Number of reference points      :    162
Number of query points          :    162
Dimension of points             :    3
Number of neighbors to consider :   20
Processing kNN search           :Vincent Knn done in 0.025305