0:0.499999997867852 0.5 0.9920303101004567 0.008516394114957733
1:0.9400852731441313 0.5 0.720042673846407 0.008516394228767189
2:0.6359938346335978 0.9185459825870173 0.7200426401830982 0.008516394072676905
3:0.1439635236953365 0.7586756462890288 0.7200426397452308 0.008516394447586621
4:0.1439635236953365 0.2413243537109713 0.7200426397452306 0.008516394447586619
5:0.6359938346335978 0.08145401741298276 0.7200426401830982 0.008516394072676896
6:0.8560364763046624 0.7586756462890287 0.2799573602547693 0.008516394447586617
7:0.8560364763046623 0.2413243537109713 0.2799573602547694 0.008516394447586633
8:0.3640061653664011 0.9185459825870173 0.279957359816902 0.008516394072676892
9:0.05991472685586743 0.5 0.2799573261535929 0.008516394228767203
10:0.3640061653664011 0.08145401741298278 0.279957359816902 0.008516394072676899
11:0.500000002132147 0.5 0.007969689899543478 0.008516394114957731
12:0.7582172387699068 0.5 0.9178043035752332 0.009594596032739549
13:0.8380107637636414 0.745579201957068 0.758217267591412 0.009594596469692749
14:0.5797935190709769 0.7455792042690627 0.9178042925266282 0.009594596561383921
15:0.3708913754848431 0.8973554993623821 0.7582172499317279 0.00959459667964087
16:0.2910978534917855 0.6517762971042528 0.9178042921200246 0.009594596959302941
17:0.08219570442568687 0.5 0.758217249365982 0.009594597401195483
18:0.2910978534917855 0.3482237028957472 0.9178042921200245 0.009594596959302931
19:0.370891375484843 0.1026445006376179 0.7582172499317277 0.009594596679640879
20:0.5797935190709767 0.2544207957309373 0.9178042925266282 0.009594596561383917
21:0.8380107637636414 0.2544207980429322 0.7582172675914118 0.009594596469692738
22:0.7886956650195467 0.1026445030209624 0.5000000009342355 0.009594596617701151
23:0.9671193988526748 0.3482237022224679 0.5000000203489436 0.009594597388372542
24:0.9178042955743121 0.5 0.2417827506340178 0.009594597401195481
25:0.9671193988526751 0.651776297777532 0.5000000203489436 0.009594597388372541
26:0.7886956650195469 0.8973554969790376 0.5000000009342354 0.009594596617701149
27:0.6291086245151559 0.8973554993623821 0.2417827500682723 0.009594596679640875
28:0.4999999999999994 0.9911584043191505 0.5 0.009594596495018665
29:0.2113043349804521 0.8973554969790378 0.4999999990657648 0.009594596617701149
30:0.1619892362363577 0.7455792019570678 0.2417827324085882 0.009594596469692749
31:0.03288060114732386 0.6517762977775321 0.4999999796510563 0.009594597388372549
32:0.03288060114732386 0.348223702222468 0.4999999796510564 0.009594597388372548
33:0.1619892362363577 0.2544207980429322 0.2417827324085882 0.009594596469692747
34:0.2113043349804521 0.1026445030209624 0.4999999990657646 0.009594596617701141
35:0.4999999999999994 0.008841595680849751 0.4999999999999999 0.009594596495018664
36:0.6291086245151557 0.1026445006376179 0.2417827500682722 0.009594596679640875
37:0.7089021465082132 0.3482237028957473 0.08219570787997545 0.009594596959302933
38:0.7089021465082133 0.6517762971042528 0.08219570787997545 0.009594596959302933
39:0.4202064809290221 0.7455792042690627 0.08219570747337177 0.009594596561383929
40:0.4202064809290221 0.2544207957309373 0.08219570747337175 0.009594596561383915
41:0.2417827612300921 0.5 0.08219569642476682 0.009594596032739555
42:0.6327150179871641 0.5000000000000001 0.9733609997052589 0.009107351339073732
43:0.9050461674407829 0.626219490875032 0.7483750271515659 0.009107351673379019
44:0.6124929966089246 0.8462178448636517 0.8303973990907756 0.009107351776617844
45:0.5051242869708049 0.9242257800226699 0.7483750004224787 0.009107351866979392
46:0.2054895131467862 0.7139743987160262 0.830397398866593 0.009107352112998103
47:0.09812079965048845 0.6359664622586611 0.7483749996333646 0.009107352502948795
48:0.2054895131467862 0.2860256012839736 0.830397398866593 0.009107352112998103
49:0.2465007133148747 0.1598061107213374 0.7483750006364717 0.009107351849418511
50:0.6124929966089248 0.1537821551363484 0.8303973990907756 0.00910735177661785
51:0.7452080180051443 0.1537821573603542 0.7483750089912966 0.009107351674187551
52:0.7198617077415903 0.07577422169775726 0.6156599763253969 0.009107351741748617
53:0.9272255136856508 0.2860256005444431 0.3843400333297768 0.009107352458966675
54:0.9018792003495105 0.364033537741339 0.2516250003666355 0.009107352502948791
55:0.9272255136856508 0.7139743994555569 0.3843400333297768 0.009107352458966694
56:0.8355216843880976 0.8401938875299114 0.3843400251646447 0.009107351874080424
57:0.7534992866851242 0.8401938892786627 0.2516249993635282 0.009107351849418506
58:0.4285182014832855 0.9724373335889847 0.3843400239610963 0.009107351693637718
59:0.2801382922584085 0.9242257783022427 0.3843400236746031 0.009107351741748619
60:0.2547919819948547 0.8462178426396457 0.2516249910087034 0.009107351674187541
61:0.02859631325655537 0.5780079364934406 0.3843399939071958 0.009107352506007062
62:0.02859631325655537 0.4219920635065595 0.3843399939071958 0.009107352506007048
63:0.09495383255921594 0.373780509124968 0.251624972848434 0.009107351673379019
64:0.2801382922584085 0.07577422169775727 0.3843400236746031 0.00910735174174861
65:0.4285182014832856 0.02756266641101543 0.3843400239610963 0.009107351693637713
66:0.4948757130291939 0.07577421997733007 0.2516249995775212 0.009107351866979386
67:0.7945104868532126 0.2860256012839736 0.1696026011334069 0.009107352112998103
68:0.6073687116096457 0.5780079368728545 0.0266390036076058 0.009107352103302484
69:0.4589888029743479 0.6262194920308186 0.02663900320853992 0.009107351719073342
70:0.3875070033910743 0.1537821551363483 0.1696026009092246 0.009107351776617848
71:0.3672849820128349 0.5 0.02663900029474105 0.009107351339073725
72:0.8640349642176508 0.5000000000000001 0.8303974226589775 0.009107351245917014
73:0.7452080180051444 0.8462178426396458 0.7483750089912965 0.009107351674187547
74:0.5410111970256512 0.6262194920308186 0.9733609967914599 0.009107351719073349
75:0.2465007133148747 0.8401938892786626 0.7483750006364718 0.009107351849418514
76:0.3926312883903534 0.5780079368728543 0.9733609963923942 0.009107352103302486
77:0.09812079965048846 0.364033537741339 0.7483749996333647 0.009107352502948784
78:0.3926312883903534 0.4219920631271456 0.9733609963923942 0.009107352103302482
79:0.5051242869708048 0.07577421997733001 0.7483750004224787 0.009107351866979373
80:0.5410111970256513 0.3737805079691814 0.9733609967914599 0.009107351719073349
81:0.905046167440783 0.3737805091249681 0.748375027151566 0.009107351673379019
82:0.8355216843880974 0.1598061124700884 0.3843400251646446 0.009107351874080426
83:0.9714036867434436 0.4219920635065597 0.6156600060928043 0.009107352506007055
84:0.9018792003495106 0.6359664622586609 0.2516250003666355 0.009107352502948793
85:0.9714036867434436 0.5780079364934406 0.6156600060928044 0.009107352506007044
86:0.7198617077415903 0.9242257783022426 0.6156599763253968 0.009107351741748605
87:0.4948757130291939 0.9242257800226699 0.2516249995775212 0.009107351866979394
88:0.5714817985167133 0.9724373335889844 0.6156599760389038 0.009107351693637716
89:0.1644783156119014 0.8401938875299114 0.6156599748353553 0.009107351874080426
90:0.09495383255921597 0.6262194908750322 0.2516249728484341 0.009107351673379019
91:0.0727744863143482 0.7139743994555567 0.6156599666702231 0.009107352458966694
92:0.07277448631434821 0.2860256005444432 0.6156599666702232 0.009107352458966683
93:0.2547919819948547 0.1537821573603541 0.2516249910087034 0.009107351674187539
94:0.1644783156119015 0.1598061124700884 0.6156599748353554 0.009107351874080419
95:0.5714817985167136 0.02756266641101544 0.615659976038904 0.009107351693637722
96:0.7534992866851243 0.1598061107213374 0.2516249993635283 0.009107351849418509
97:0.6073687116096456 0.4219920631271457 0.0266390036076058 0.009107352103302487
98:0.7945104868532126 0.7139743987160264 0.169602601133407 0.009107352112998093
99:0.3875070033910743 0.8462178448636517 0.1696026009092246 0.009107351776617844
100:0.4589888029743478 0.3737805079691814 0.02663900320853992 0.009107351719073346
101:0.135965035782348 0.5 0.1696025773410226 0.009107351245917002
102:0.7209310520700872 0.7534787749263895 0.8574739670554853 0.01007925479769313
103:0.6813915396961978 0.6317886736414392 0.9365529876889671 0.01007925475727168
104:0.8093440788333336 0.6317886729414519 0.8574739750128606 0.01007925473187452
105:0.3271988121184584 0.7884471765869022 0.8574739589014361 0.01007925554505447
106:0.4307145951206401 0.7132385561297462 0.9365529823014481 0.01007925555448146
107:0.4702541068422439 0.83492865820568 0.8574739588552457 0.01007925554543653
108:0.1722719324273949 0.4247913790639853 0.8574739603934756 0.01007925577894625
109:0.2757877163365605 0.4999999999999999 0.9365529832143711 0.01007925576423266
110:0.1722719324273949 0.5752086209360147 0.8574739603934757 0.01007925577894623
111:0.470254106842244 0.1650713417943199 0.8574739588552459 0.01007925554543653
112:0.4307145951206401 0.286761443870254 0.9365529823014479 0.01007925555448146
113:0.3271988121184584 0.2115528234130977 0.8574739589014361 0.01007925554505448
114:0.8093440788333337 0.368211327058548 0.8574739750128605 0.01007925473187454
115:0.6813915396961978 0.3682113263585609 0.9365529876889669 0.01007925475727167
116:0.7209310520700872 0.2465212250736106 0.8574739670554852 0.01007925479769314
117:0.8970134696409933 0.2115528238549226 0.5053091448531842 0.01007925555111557
118:0.9214502268517314 0.2867614442410458 0.6332616979703133 0.01007925555158107
119:0.8330371951376315 0.1650713435034854 0.6332616870700907 0.01007925548620333
120:0.9662988807451677 0.5752086218903254 0.3667383341101719 0.01007925653612206
121:0.9907356395496497 0.5000000000000001 0.4946908889942417 0.01007925656130562
122:0.9662988807451677 0.4247913781096745 0.3667383341101718 0.01007925653612207
123:0.8330371951376313 0.8349286564965144 0.6332616870700906 0.01007925548620333
124:0.9214502268517314 0.7132385557589542 0.6332616979703133 0.01007925555158107
125:0.8970134696409934 0.7884471761450774 0.5053091448531843 0.01007925555111556
126:0.5725666292087059 0.9667173298755569 0.3667383243352947 0.010079255149875
127:0.6516456515478413 0.9667173291767742 0.4946908667057451 0.01007925513343932
128:0.7156219228322878 0.9202358481333082 0.3667383242615571 0.01007925514068189
129:0.2843780771677111 0.9202358481333083 0.6332616757384429 0.01007925514068189
130:0.427433370791293 0.9667173298755566 0.6332616756647052 0.01007925514987503
131:0.3483543484521575 0.9667173291767741 0.5053091332942549 0.01007925513343931
132:0.07854977314826764 0.7132385557589543 0.3667383020296867 0.01007925555158106
133:0.1029865303590056 0.7884471761450773 0.4946908551468156 0.01007925555111556
134:0.1669628048623675 0.8349286564965146 0.3667383129299093 0.01007925548620333
135:0.03370111925483123 0.4247913781096745 0.6332616658898282 0.01007925653612207
136:0.0337011192548312 0.5752086218903253 0.6332616658898282 0.01007925653612207
137:0.009264360450349167 0.5000000000000001 0.5053091110057583 0.01007925656130561
138:0.1669628048623675 0.1650713435034854 0.3667383129299093 0.01007925548620334
139:0.1029865303590057 0.2115528238549226 0.4946908551468158 0.01007925555111556
140:0.07854977314826761 0.2867614442410457 0.3667383020296867 0.01007925555158107
141:0.4274333707912928 0.03328267012444325 0.6332616756647052 0.01007925514987503
142:0.2843780771677111 0.07976415186669184 0.6332616757384429 0.01007925514068189
143:0.3483543484521575 0.03328267082322582 0.5053091332942546 0.01007925513343932
144:0.7156219228322877 0.07976415186669182 0.3667383242615571 0.01007925514068189
145:0.6516456515478414 0.03328267082322583 0.4946908667057451 0.01007925513343932
146:0.5725666292087058 0.03328267012444327 0.3667383243352946 0.01007925514987502
147:0.7242122836634384 0.5000000000000001 0.06344701678562864 0.01007925576423266
148:0.827728067572604 0.5752086209360144 0.1425260396065243 0.01007925577894626
149:0.8277280675726039 0.4247913790639853 0.1425260396065243 0.01007925577894625
150:0.5297458931577549 0.8349286582056802 0.142526041144754 0.01007925554543653
151:0.6728011878815405 0.7884471765869023 0.1425260410985638 0.01007925554505448
152:0.5692854048793588 0.7132385561297461 0.06344701769855195 0.01007925555448147
153:0.5692854048793588 0.286761443870254 0.06344701769855196 0.01007925555448146
154:0.6728011878815403 0.2115528234130978 0.1425260410985638 0.01007925554505448
155:0.5297458931577549 0.1650713417943199 0.142526041144754 0.01007925554543654
156:0.1906559211666652 0.6317886729414521 0.1425260249871395 0.01007925473187453
157:0.2790689479299119 0.7534787749263896 0.142526032944515 0.01007925479769312
158:0.3186084603038011 0.6317886736414392 0.063447012311033 0.01007925475727168
159:0.2790689479299118 0.2465212250736105 0.142526032944515 0.01007925479769312
160:0.1906559211666651 0.368211327058548 0.1425260249871395 0.01007925473187453
161:0.3186084603038011 0.368211326358561 0.06344701231103297 0.01007925475727169
